Number of sim 	 Missing Snps
0	97
1	82
2	76
3	70
4	101
5	95
6	77
7	70
8	65
9	63
10	49
11	41
12	41
13	39
14	33
15	30
16	101
17	101
18	99
19	93
20	86
21	82
22	78
23	101
24	90
25	89
26	83
27	66
28	64
29	55
30	54
31	49
32	41
33	40
34	101
35	99
36	71
37	66
38	101
39	77
40	74
41	64
42	53
43	49
44	101
45	93
46	92
47	101
48	68
49	67
50	62
51	60
52	58
53	55
54	45
55	41
56	101
57	95
58	77
59	101
60	80
61	76
62	67
63	57
64	45
65	39
66	38
67	33
68	30
69	29
70	101
71	91
72	101
73	65
74	64
75	63
76	101
77	79
78	73
79	73
80	60
81	52
82	46
83	45
84	43
85	101
86	92
87	84
88	101
89	87
90	68
91	62
92	60
93	51
94	45
95	43
96	40
97	37
98	36
99	34
100	33
101	101
102	101
103	89
104	85
105	82
106	67
107	58
108	55
109	51
110	47
111	46
112	42
113	41
114	36
115	34
116	33
117	28
118	26
119	26
120	25
121	25
122	24
123	23
124	21
