Number of sim 	 Missing Snps
0	91
1	101
2	101
3	100
4	80
5	73
6	101
7	95
8	93
9	101
10	101
11	101
12	95
13	101
14	101
15	101
16	101
17	93
18	90
19	101
20	93
21	90
22	89
23	101
24	85
25	82
26	61
27	101
28	96
29	101
30	99
31	101
32	93
33	80
34	74
35	70
36	101
37	101
38	96
39	95
40	93
41	101
42	98
43	101
44	99
45	96
46	91
47	81
48	76
49	76
50	69
51	65
52	53
53	53
54	44
55	44
56	36
57	35
58	35
59	35
60	31
61	29
62	29
63	101
64	88
65	101
66	90
67	86
68	81
69	76
70	66
71	54
72	49
73	48
74	46
75	46
76	44
77	101
78	98
79	85
80	77
81	101
82	98
83	96
84	80
85	63
86	101
87	99
88	98
89	101
90	97
91	93
92	101
93	92
94	76
95	101
96	101
97	77
98	68
99	66
100	101
101	87
102	81
103	80
104	65
105	60
106	59
107	56
108	42
109	38
110	36
111	101
112	98
113	97
114	95
115	85
116	81
117	71
118	62
119	101
120	97
121	101
122	83
123	101
124	99
