Number of sim 	 Missing Snps
0	86
1	79
2	65
3	64
4	64
5	53
6	49
7	46
8	44
9	44
10	43
11	37
12	30
13	101
14	87
15	74
16	62
17	101
18	101
19	80
20	101
21	94
22	90
23	77
24	76
25	101
26	71
27	66
28	54
29	53
30	47
31	45
32	40
33	39
34	38
35	35
36	35
37	30
38	29
39	25
40	24
41	16
42	15
43	15
44	15
45	15
46	15
47	14
48	14
49	14
50	101
51	94
52	92
53	87
54	101
55	89
56	85
57	83
58	81
59	66
60	55
61	49
62	101
63	98
64	89
65	81
66	76
67	75
68	68
69	61
70	54
71	51
72	43
73	43
74	41
75	35
76	101
77	101
78	88
79	87
80	84
81	83
82	66
83	101
84	98
85	85
86	75
87	73
88	69
89	53
90	45
91	42
92	36
93	35
94	34
95	28
96	27
97	101
98	83
99	73
100	69
101	61
102	48
103	101
104	87
105	86
106	72
107	66
108	61
109	59
110	52
111	46
112	44
113	36
114	35
115	101
116	97
117	74
118	66
119	61
120	55
121	53
122	52
123	46
124	46
