Number of sim 	 Missing Snps
0	88
1	88
2	81
3	81
4	72
5	63
6	62
7	61
8	59
9	58
10	53
11	46
12	40
13	37
14	101
15	96
16	86
17	75
18	73
19	59
20	47
21	47
22	44
23	39
24	101
25	92
26	92
27	82
28	68
29	53
30	50
31	47
32	45
33	45
34	44
35	43
36	38
37	38
38	34
39	34
40	34
41	31
42	31
43	30
44	27
45	26
46	24
47	24
48	23
49	23
50	21
51	21
52	21
53	21
54	21
55	21
56	21
57	21
58	21
59	20
60	19
61	18
62	18
63	18
64	18
65	17
66	16
67	14
68	14
69	14
70	101
71	91
72	87
73	75
74	101
75	87
76	84
77	63
78	58
79	51
80	44
81	43
82	38
83	33
84	33
85	33
86	33
87	33
88	27
89	27
90	26
91	26
92	23
93	20
94	20
95	20
96	19
97	101
98	82
99	59
100	59
101	59
102	53
103	50
104	42
105	42
106	37
107	35
108	35
109	35
110	33
111	28
112	25
113	22
114	21
115	19
116	19
117	19
118	19
119	19
120	17
121	17
122	16
123	16
124	15
