Number of sim 	 Missing Snps
0	101
1	101
2	101
3	100
4	101
5	101
6	101
7	101
8	101
9	101
10	100
11	101
12	101
13	101
14	101
15	101
16	101
17	101
18	101
19	101
20	101
21	101
22	101
23	101
24	100
25	100
26	101
27	101
28	101
29	101
30	101
31	101
32	100
33	99
34	99
35	99
36	101
37	101
38	101
39	101
40	101
41	101
42	101
43	101
44	100
45	101
46	101
47	101
48	100
49	101
50	101
51	101
52	101
53	100
54	101
55	101
56	101
57	101
58	101
59	101
60	101
61	101
62	100
63	100
64	101
65	101
66	101
67	101
68	101
69	101
70	101
71	101
72	101
73	100
74	100
75	100
76	101
77	101
78	100
79	101
80	100
81	101
82	101
83	100
84	101
85	101
86	101
87	101
88	100
89	100
90	101
91	101
92	100
93	101
94	101
95	101
96	101
97	100
98	100
99	101
100	100
101	100
102	101
103	101
104	101
105	100
106	101
107	100
108	101
109	101
110	101
111	101
112	101
113	101
114	100
115	101
116	101
117	101
118	101
119	101
120	101
121	101
122	101
123	101
124	101
