Number of sim 	 Missing Snps
0	92
1	91
2	85
3	101
4	101
5	95
6	82
7	76
8	69
9	67
10	61
11	55
12	53
13	47
14	41
15	40
16	40
17	40
18	101
19	99
20	98
21	78
22	67
23	57
24	55
25	46
26	43
27	41
28	40
29	40
30	36
31	34
32	33
33	33
34	31
35	28
36	27
37	27
38	27
39	25
40	24
41	23
42	23
43	23
44	23
45	23
46	23
47	23
48	101
49	74
50	67
51	59
52	58
53	101
54	82
55	77
56	74
57	67
58	66
59	65
60	56
61	50
62	48
63	46
64	43
65	42
66	41
67	34
68	101
69	76
70	76
71	62
72	60
73	49
74	41
75	40
76	39
77	101
78	100
79	89
80	84
81	81
82	74
83	65
84	59
85	57
86	57
87	101
88	84
89	73
90	55
91	53
92	52
93	42
94	39
95	38
96	37
97	37
98	35
99	32
100	30
101	101
102	86
103	70
104	101
105	91
106	80
107	64
108	49
109	49
110	47
111	42
112	39
113	38
114	38
115	38
116	38
117	38
118	37
119	35
120	35
121	35
122	27
123	101
124	81
125	101
126	99
127	95
128	84
129	73
130	64
131	62
132	53
133	101
134	77
135	101
136	92
137	83
138	62
139	61
140	61
141	52
142	101
143	77
144	75
145	73
146	65
147	61
148	57
149	49
150	49
151	101
152	81
153	66
154	54
155	50
156	42
157	39
158	37
159	33
160	32
161	101
162	90
163	89
164	72
165	68
166	61
167	53
168	37
169	37
170	37
171	35
172	34
173	28
174	26
175	26
176	26
177	26
178	24
179	101
180	101
181	100
182	88
183	82
184	101
185	98
186	92
187	85
188	78
189	78
190	73
191	101
192	98
193	79
194	77
195	74
196	64
197	60
198	59
199	56
200	49
201	48
202	47
203	46
204	101
205	89
206	83
207	80
208	75
209	71
210	69
211	61
212	58
213	54
214	53
215	53
216	48
217	45
218	39
219	101
220	87
221	83
222	76
223	75
224	63
225	48
226	101
227	99
228	101
229	94
230	93
231	69
232	69
233	50
234	101
235	69
236	68
237	55
238	40
239	40
240	101
241	100
242	99
243	89
244	84
245	74
246	70
247	63
248	60
249	57
