Number of sim 	 Missing Snps
0	91
1	63
2	53
3	48
4	44
5	40
6	101
7	95
8	92
9	75
10	75
11	59
12	44
13	39
14	101
15	77
16	73
17	69
18	63
19	101
20	76
21	75
22	73
23	67
24	57
25	48
26	47
27	42
28	38
29	38
30	35
31	35
32	30
33	101
34	85
35	63
36	59
37	56
38	101
39	93
40	80
41	74
42	66
43	66
44	65
45	101
46	100
47	96
48	89
49	70
50	64
51	64
52	57
53	57
54	56
55	55
56	49
57	46
58	44
59	43
60	41
61	41
62	39
63	29
64	27
65	26
66	26
67	22
68	22
69	21
70	21
71	21
72	21
73	21
74	21
75	21
76	101
77	67
78	67
79	53
80	41
81	39
82	30
83	29
84	27
85	27
86	27
87	27
88	27
89	27
90	23
91	23
92	22
93	101
94	90
95	73
96	67
97	57
98	51
99	50
100	41
101	39
102	37
103	35
104	34
105	33
106	32
107	30
108	30
109	28
110	28
111	28
112	28
113	28
114	27
115	101
116	101
117	97
118	92
119	90
120	81
121	77
122	73
123	65
124	63
