Number of sim 	 Missing Snps
0	80
1	63
2	53
3	50
4	47
5	45
6	43
7	101
8	94
9	101
10	82
11	80
12	101
13	94
14	74
15	101
16	93
17	80
18	77
19	69
20	101
21	97
22	83
23	69
24	66
25	64
26	63
27	101
28	91
29	76
30	74
31	64
32	63
33	53
34	47
35	45
36	41
37	41
38	36
39	36
40	34
41	34
42	33
43	101
44	97
45	76
46	101
47	87
48	101
49	66
50	62
51	51
52	46
53	42
54	40
55	40
56	38
57	37
58	36
59	33
60	31
61	31
62	31
63	101
64	76
65	75
66	60
67	58
68	54
69	47
70	41
71	38
72	36
73	33
74	31
75	31
76	31
77	30
78	101
79	88
80	81
81	73
82	101
83	96
84	92
85	76
86	64
87	58
88	43
89	38
90	37
91	32
92	32
93	27
94	101
95	73
96	101
97	101
98	88
99	79
100	69
101	67
102	66
103	58
104	55
105	54
106	54
107	54
108	54
109	42
110	40
111	40
112	35
113	31
114	30
115	30
116	28
117	28
118	26
119	25
120	24
121	23
122	22
123	22
124	21
