Number of sim 	 Missing Snps
0	100
1	81
2	78
3	75
4	59
5	56
6	54
7	50
8	45
9	41
10	41
11	38
12	36
13	33
14	33
15	33
16	32
17	31
18	28
19	28
20	28
21	25
22	25
23	25
24	24
25	22
26	19
27	18
28	18
29	18
30	17
31	16
32	16
33	16
34	16
35	16
36	16
37	16
38	16
39	16
40	16
41	16
42	16
43	16
44	16
45	101
46	87
47	81
48	101
49	83
50	72
51	68
52	101
53	98
54	92
55	84
56	79
57	101
58	86
59	68
60	66
61	101
62	75
63	56
64	54
65	42
66	101
67	88
68	80
69	77
70	70
71	70
72	66
73	101
74	91
75	101
76	87
77	84
78	75
79	59
80	101
81	101
82	95
83	92
84	71
85	52
86	101
87	97
88	94
89	72
90	63
91	56
92	52
93	40
94	37
95	36
96	34
97	32
98	30
99	29
100	29
101	29
102	101
103	84
104	82
105	77
106	62
107	101
108	101
109	100
110	87
111	80
112	72
113	69
114	56
115	55
116	45
117	41
118	41
119	31
120	30
121	30
122	101
123	91
124	71
