Number of sim 	 Missing Snps
0	87
1	76
2	70
3	49
4	47
5	43
6	43
7	101
8	101
9	83
10	60
11	48
12	101
13	80
14	75
15	101
16	80
17	69
18	57
19	101
20	87
21	86
22	59
23	54
24	53
25	45
26	43
27	40
28	38
29	35
30	32
31	101
32	86
33	83
34	70
35	63
36	57
37	53
38	101
39	82
40	65
41	61
42	54
43	101
44	97
45	101
46	97
47	91
48	89
49	71
50	69
51	66
52	63
53	59
54	58
55	56
56	53
57	52
58	52
59	40
60	40
61	40
62	39
63	36
64	35
65	32
66	31
67	101
68	98
69	86
70	67
71	67
72	57
73	43
74	37
75	36
76	101
77	96
78	92
79	90
80	78
81	77
82	75
83	74
84	64
85	61
86	56
87	53
88	49
89	48
90	45
91	42
92	39
93	38
94	38
95	101
96	77
97	62
98	60
99	51
100	37
101	101
102	94
103	75
104	101
105	97
106	95
107	88
108	66
109	61
110	101
111	92
112	101
113	83
114	83
115	78
116	61
117	101
118	86
119	75
120	67
121	66
122	55
123	55
124	54
