Number of sim 	 Missing Snps
0	100
1	85
2	81
3	58
4	53
5	40
6	38
7	101
8	101
9	101
10	83
11	73
12	61
13	57
14	48
15	42
16	40
17	101
18	82
19	75
20	66
21	60
22	51
23	50
24	44
25	101
26	72
27	72
28	67
29	52
30	50
31	49
32	44
33	44
34	40
35	39
36	38
37	36
38	33
39	27
40	27
41	26
42	23
43	22
44	22
45	20
46	20
47	17
48	17
49	16
50	16
51	15
52	15
53	15
54	15
55	15
56	101
57	95
58	94
59	87
60	73
61	71
62	51
63	101
64	85
65	78
66	66
67	101
68	101
69	67
70	61
71	57
72	54
73	54
74	47
75	46
76	101
77	76
78	74
79	60
80	60
81	53
82	48
83	44
84	101
85	86
86	79
87	66
88	63
89	54
90	46
91	39
92	35
93	31
94	29
95	29
96	25
97	101
98	55
99	52
100	47
101	45
102	42
103	39
104	39
105	35
106	33
107	32
108	101
109	101
110	99
111	69
112	57
113	49
114	38
115	34
116	29
117	28
118	24
119	23
120	23
121	21
122	101
123	93
124	89
