Number of sim 	 Missing Snps
0	100
1	81
2	101
3	98
4	101
5	75
6	67
7	59
8	44
9	39
10	37
11	35
12	101
13	101
14	83
15	58
16	52
17	47
18	47
19	47
20	46
21	45
22	42
23	37
24	34
25	34
26	34
27	32
28	32
29	32
30	30
31	30
32	101
33	95
34	80
35	69
36	61
37	60
38	54
39	46
40	46
41	35
42	32
43	31
44	30
45	26
46	25
47	24
48	24
49	23
50	23
51	23
52	23
53	23
54	19
55	19
56	19
57	17
58	17
59	15
60	14
61	14
62	13
63	13
64	13
65	12
66	12
67	12
68	12
69	12
70	12
71	12
72	12
73	11
74	11
75	11
76	11
77	11
78	11
79	11
80	101
81	100
82	86
83	70
84	56
85	49
86	46
87	41
88	35
89	31
90	30
91	27
92	26
93	23
94	23
95	23
96	23
97	22
98	21
99	21
100	21
101	101
102	91
103	80
104	78
105	70
106	65
107	63
108	101
109	99
110	79
111	76
112	74
113	59
114	58
115	101
116	82
117	72
118	101
119	89
120	75
121	101
122	97
123	101
124	100
