Number of sim 	 Missing Snps
0	100
1	101
2	101
3	99
4	91
5	88
6	101
7	72
8	71
9	101
10	88
11	85
12	81
13	77
14	57
15	53
16	101
17	99
18	101
19	97
20	95
21	93
22	101
23	101
24	101
25	99
26	98
27	93
28	89
29	86
30	77
31	75
32	74
33	57
34	53
35	52
36	52
37	46
38	40
39	101
40	97
41	85
42	85
43	83
44	82
45	82
46	59
47	101
48	97
49	101
50	101
51	97
52	85
53	80
54	76
55	67
56	101
57	101
58	97
59	101
60	98
61	83
62	82
63	77
64	72
65	63
66	101
67	97
68	90
69	88
70	73
71	59
72	53
73	51
74	48
75	47
76	42
77	39
78	101
79	83
80	101
81	90
82	101
83	99
84	79
85	64
86	101
87	83
88	68
89	58
90	55
91	54
92	53
93	101
94	81
95	101
96	101
97	100
98	89
99	101
100	93
101	85
102	75
103	67
104	58
105	57
106	56
107	55
108	54
109	52
110	41
111	40
112	101
113	101
114	94
115	92
116	68
117	66
118	52
119	51
120	101
121	101
122	98
123	83
124	101
125	101
126	101
127	81
128	63
129	58
130	57
131	55
132	48
133	44
134	43
135	38
136	36
137	36
138	34
139	28
140	26
141	26
142	26
143	25
144	25
145	25
146	25
147	24
148	101
149	98
150	101
151	101
152	84
153	69
154	68
155	66
156	57
157	57
158	54
159	51
160	51
161	48
162	47
163	47
164	46
165	101
166	101
167	99
168	87
169	67
170	101
171	99
172	77
173	76
174	101
175	94
176	93
177	83
178	77
179	72
180	66
181	62
182	101
183	98
184	97
185	85
186	75
187	75
188	101
189	91
190	82
191	82
192	80
193	71
194	67
195	64
196	56
197	46
198	46
199	101
200	100
201	101
202	101
203	95
204	73
205	69
206	101
207	101
208	80
209	73
210	63
211	101
212	93
213	101
214	101
215	87
216	87
217	78
218	75
219	68
220	65
221	48
222	47
223	101
224	90
225	101
226	98
227	101
228	94
229	84
230	67
231	65
232	63
233	56
234	50
235	48
236	101
237	75
238	73
239	68
240	101
241	97
242	96
243	83
244	77
245	69
246	101
247	101
248	95
249	94
