Number of sim 	 Missing Snps
0	87
1	82
2	66
3	62
4	101
5	101
6	75
7	69
8	101
9	101
10	101
11	99
12	101
13	94
14	82
15	77
16	63
17	61
18	58
19	53
20	53
21	50
22	101
23	101
24	101
25	70
26	66
27	49
28	48
29	101
30	97
31	80
32	71
33	101
34	72
35	70
36	54
37	45
38	44
39	42
40	40
41	40
42	40
43	39
44	39
45	38
46	101
47	101
48	101
49	93
50	88
51	87
52	85
53	72
54	67
55	65
56	61
57	60
58	58
59	56
60	55
61	52
62	50
63	101
64	95
65	82
66	101
67	101
68	101
69	95
70	89
71	82
72	101
73	91
74	101
75	93
76	90
77	101
78	98
79	90
80	73
81	68
82	101
83	77
84	70
85	101
86	99
87	96
88	92
89	101
90	77
91	65
92	101
93	82
94	101
95	101
96	73
97	71
98	71
99	67
100	66
101	65
102	65
103	101
104	99
105	97
106	101
107	100
108	101
109	86
110	101
111	79
112	59
113	58
114	51
115	45
116	39
117	39
118	36
119	101
120	73
121	58
122	57
123	101
124	95
125	89
126	82
127	82
128	72
129	67
130	56
131	54
132	101
133	91
134	90
135	81
136	77
137	101
138	97
139	95
140	74
141	60
142	101
143	99
144	98
145	87
146	76
147	65
148	63
149	62
150	60
151	56
152	53
153	53
154	53
155	50
156	48
157	48
158	101
159	80
160	75
161	73
162	62
163	59
164	101
165	95
166	84
167	101
168	99
169	97
170	101
171	93
172	92
173	77
174	74
175	69
176	101
177	67
178	101
179	90
180	89
181	82
182	80
183	80
184	69
185	101
186	95
187	92
188	72
189	101
190	89
191	101
192	99
193	96
194	83
195	80
196	77
197	61
198	101
199	101
200	101
201	94
202	86
203	62
204	61
205	60
206	101
207	80
208	72
209	67
210	101
211	89
212	101
213	97
214	93
215	91
216	80
217	77
218	101
219	99
220	67
221	67
222	66
223	58
224	101
225	96
226	78
227	71
228	71
229	64
230	62
231	60
232	59
233	59
234	58
235	58
236	101
237	76
238	101
239	91
240	65
241	65
242	61
243	51
244	51
245	46
246	46
247	42
248	101
249	86
