Number of sim 	 Missing Snps
0	96
1	90
2	87
3	74
4	74
5	69
6	65
7	60
8	53
9	53
10	48
11	42
12	39
13	39
14	33
15	29
16	28
17	101
18	77
19	72
20	64
21	61
22	101
23	86
24	83
25	79
26	70
27	68
28	57
29	55
30	48
31	38
32	36
33	35
34	101
35	86
36	82
37	81
38	61
39	60
40	55
41	54
42	51
43	46
44	101
45	56
46	54
47	54
48	53
49	52
50	51
51	50
52	48
53	47
54	44
55	41
56	37
57	35
58	30
59	30
60	29
61	28
62	26
63	26
64	23
65	20
66	19
67	19
68	19
69	19
70	101
71	100
72	59
73	59
74	53
75	51
76	48
77	42
78	41
79	39
80	38
81	35
82	33
83	33
84	33
85	33
86	32
87	31
88	30
89	27
90	25
91	24
92	20
93	18
94	101
95	84
96	78
97	68
98	57
99	53
100	45
101	39
102	37
103	34
104	29
105	29
106	29
107	29
108	26
109	25
110	25
111	25
112	23
113	23
114	23
115	23
116	23
117	22
118	101
119	86
120	66
121	56
122	44
123	40
124	38
