Number of sim 	 Missing Snps
0	83
1	82
2	76
3	73
4	69
5	68
6	57
7	47
8	45
9	101
10	85
11	80
12	73
13	73
14	101
15	90
16	77
17	71
18	58
19	53
20	52
21	50
22	45
23	42
24	38
25	35
26	34
27	33
28	33
29	101
30	72
31	61
32	53
33	46
34	43
35	42
36	42
37	101
38	99
39	79
40	101
41	101
42	92
43	86
44	72
45	60
46	55
47	51
48	46
49	43
50	42
51	38
52	34
53	34
54	32
55	30
56	28
57	27
58	26
59	26
60	24
61	24
62	101
63	97
64	101
65	99
66	90
67	70
68	61
69	55
70	39
71	34
72	34
73	31
74	31
75	29
76	26
77	26
78	25
79	24
80	23
81	22
82	22
83	20
84	101
85	71
86	71
87	60
88	53
89	49
90	45
91	101
92	90
93	56
94	48
95	39
96	38
97	38
98	29
99	29
100	28
101	26
102	24
103	24
104	24
105	24
106	23
107	22
108	22
109	101
110	63
111	101
112	79
113	67
114	56
115	54
116	47
117	42
118	41
119	101
120	83
121	61
122	60
123	60
124	58
