Number of sim 	 Missing Snps
0	89
1	85
2	78
3	71
4	47
5	101
6	83
7	70
8	66
9	66
10	56
11	55
12	55
13	49
14	46
15	42
16	41
17	37
18	37
19	33
20	31
21	30
22	28
23	101
24	96
25	96
26	92
27	87
28	101
29	74
30	66
31	63
32	54
33	52
34	50
35	42
36	42
37	40
38	40
39	38
40	36
41	33
42	32
43	32
44	32
45	27
46	27
47	24
48	101
49	82
50	64
51	47
52	40
53	39
54	39
55	39
56	39
57	37
58	36
59	101
60	82
61	81
62	71
63	66
64	58
65	54
66	52
67	52
68	45
69	39
70	39
71	38
72	30
73	29
74	28
75	26
76	26
77	26
78	26
79	26
80	101
81	85
82	81
83	101
84	94
85	91
86	78
87	71
88	50
89	47
90	45
91	40
92	38
93	38
94	33
95	33
96	30
97	29
98	26
99	26
100	26
101	23
102	22
103	22
104	22
105	21
106	21
107	20
108	20
109	19
110	19
111	19
112	19
113	19
114	19
115	18
116	18
117	18
118	18
119	18
120	17
121	17
122	17
123	16
124	15
125	101
126	97
127	88
128	101
129	92
130	83
131	83
132	79
133	78
134	76
135	62
136	61
137	61
138	61
139	56
140	56
141	51
142	51
143	50
144	46
145	44
146	42
147	42
148	37
149	35
150	33
151	31
152	31
153	26
154	23
155	23
156	23
157	21
158	21
159	21
160	21
161	21
162	21
163	21
164	101
165	82
166	69
167	66
168	58
169	55
170	46
171	43
172	101
173	92
174	78
175	74
176	73
177	59
178	51
179	51
180	49
181	40
182	31
183	31
184	31
185	31
186	29
187	29
188	26
189	25
190	25
191	25
192	23
193	21
194	19
195	19
196	19
197	101
198	71
199	69
200	52
201	48
202	42
203	40
204	38
205	37
206	36
207	35
208	34
209	32
210	29
211	27
212	27
213	21
214	21
215	21
216	21
217	20
218	19
219	19
220	19
221	18
222	18
223	18
224	18
225	16
226	15
227	14
228	13
229	13
230	12
231	12
232	12
233	12
234	12
235	12
236	11
237	11
238	11
239	11
240	11
241	11
242	11
243	11
244	11
245	10
246	10
247	10
248	10
249	10
