Number of sim 	 Missing Snps
0	85
1	79
2	61
3	54
4	47
5	41
6	39
7	39
8	35
9	34
10	33
11	31
12	29
13	28
14	28
15	28
16	28
17	25
18	24
19	101
20	87
21	84
22	74
23	69
24	69
25	62
26	61
27	57
28	45
29	40
30	40
31	40
32	30
33	29
34	29
35	29
36	101
37	93
38	91
39	84
40	81
41	60
42	60
43	52
44	101
45	72
46	66
47	59
48	59
49	52
50	50
51	49
52	41
53	40
54	38
55	35
56	34
57	34
58	32
59	32
60	30
61	30
62	28
63	28
64	28
65	28
66	26
67	26
68	26
69	24
70	24
71	20
72	18
73	18
74	18
75	101
76	98
77	91
78	89
79	87
80	74
81	66
82	55
83	55
84	51
85	44
86	38
87	38
88	38
89	37
90	36
91	33
92	32
93	31
94	31
95	30
96	101
97	93
98	91
99	91
100	79
101	63
102	63
103	63
104	63
105	62
106	59
107	101
108	96
109	76
110	70
111	68
112	65
113	64
114	54
115	51
116	49
117	48
118	47
119	47
120	40
121	39
122	35
123	33
124	33
125	32
126	29
127	28
128	22
129	20
130	20
131	20
132	20
133	20
134	20
135	19
136	19
137	19
138	18
139	18
140	18
141	18
142	15
143	15
144	15
145	14
146	14
147	101
148	91
149	91
150	80
151	74
152	55
153	46
154	44
155	43
156	41
157	41
158	41
159	38
160	37
161	37
162	35
163	35
164	34
165	34
166	31
167	29
168	29
169	29
170	29
171	101
172	86
173	82
174	61
175	60
176	50
177	44
178	39
179	38
180	28
181	28
182	25
183	21
184	21
185	21
186	20
187	19
188	17
189	17
190	17
191	17
192	17
193	16
194	16
195	16
196	16
197	16
198	16
199	16
200	16
201	15
202	15
203	14
204	14
205	14
206	14
207	101
208	99
209	68
210	65
211	59
212	44
213	43
214	43
215	43
216	37
217	35
218	31
219	29
220	27
221	27
222	27
223	26
224	24
225	22
226	20
227	20
228	20
229	19
230	18
231	14
232	14
233	14
234	14
235	14
236	14
237	14
238	14
239	14
240	13
241	13
242	13
243	13
244	13
245	13
246	13
247	13
248	13
249	13
