Number of sim 	 Missing Snps
0	101
1	81
2	75
3	101
4	81
5	71
6	58
7	58
8	56
9	49
10	101
11	93
12	101
13	71
14	67
15	63
16	55
17	50
18	50
19	101
20	86
21	85
22	80
23	101
24	101
25	88
26	86
27	101
28	100
29	90
30	101
31	87
32	76
33	58
34	54
35	54
36	48
37	42
38	42
39	38
40	36
41	36
42	34
43	33
44	101
45	98
46	75
47	73
48	66
49	101
50	76
51	76
52	66
53	62
54	59
55	51
56	101
57	72
58	70
59	67
60	64
61	50
62	49
63	47
64	47
65	47
66	41
67	41
68	39
69	35
70	31
71	30
72	101
73	101
74	89
75	76
76	72
77	63
78	55
79	49
80	49
81	43
82	35
83	34
84	33
85	28
86	26
87	25
88	25
89	25
90	25
91	25
92	25
93	23
94	101
95	85
96	81
97	75
98	74
99	68
100	64
101	59
102	101
103	101
104	99
105	98
106	62
107	55
108	49
109	38
110	35
111	32
112	29
113	101
114	97
115	96
116	82
117	76
118	75
119	57
120	45
121	45
122	37
123	34
124	34
125	33
126	32
127	27
128	23
129	22
130	22
131	22
132	22
133	22
134	22
135	22
136	21
137	21
138	21
139	20
140	20
141	20
142	20
143	20
144	20
145	20
146	20
147	101
148	92
149	101
150	96
151	82
152	73
153	101
154	88
155	72
156	72
157	65
158	61
159	55
160	54
161	101
162	92
163	101
164	88
165	86
166	66
167	101
168	88
169	86
170	101
171	92
172	101
173	69
174	61
175	50
176	40
177	34
178	26
179	101
180	100
181	98
182	88
183	87
184	101
185	94
186	74
187	69
188	56
189	101
190	93
191	90
192	79
193	78
194	63
195	50
196	46
197	101
198	84
199	65
200	59
201	101
202	85
203	78
204	101
205	71
206	70
207	59
208	56
209	55
210	101
211	61
212	52
213	51
214	45
215	42
216	41
217	35
218	34
219	34
220	31
221	30
222	26
223	23
224	101
225	97
226	69
227	63
228	51
229	40
230	38
231	38
232	38
233	38
234	37
235	36
236	35
237	35
238	101
239	86
240	74
241	72
242	48
243	101
244	93
245	73
246	63
247	56
248	55
249	55
