Number of sim 	 Missing Snps
0	69
1	63
2	62
3	59
4	51
5	49
6	41
7	40
8	33
9	33
10	30
11	27
12	26
13	25
14	25
15	23
16	21
17	101
18	93
19	77
20	70
21	60
22	43
23	42
24	39
25	39
26	34
27	33
28	29
29	101
30	88
31	51
32	51
33	101
34	83
35	82
36	62
37	61
38	59
39	59
40	52
41	51
42	47
43	45
44	101
45	77
46	72
47	67
48	56
49	55
50	55
51	51
52	44
53	38
54	36
55	33
56	26
57	25
58	24
59	23
60	22
61	22
62	101
63	99
64	84
65	101
66	89
67	84
68	101
69	82
70	79
71	63
72	60
73	54
74	52
75	39
76	36
77	31
78	27
79	101
80	92
81	91
82	76
83	76
84	75
85	66
86	59
87	56
88	56
89	46
90	35
91	35
92	35
93	29
94	27
95	25
96	24
97	24
98	24
99	24
100	24
101	22
102	21
103	20
104	19
105	19
106	18
107	18
108	17
109	17
110	17
111	17
112	16
113	15
114	14
115	14
116	14
117	14
118	13
119	13
120	13
121	13
122	13
123	101
124	101
125	88
126	76
127	72
128	70
129	54
130	53
131	44
132	38
133	34
134	33
135	24
136	24
137	24
138	23
139	23
140	23
141	23
142	21
143	19
144	18
145	17
146	16
147	101
148	86
149	68
150	68
151	57
152	101
153	87
154	78
155	76
156	67
157	101
158	94
159	101
160	96
161	85
162	67
163	60
164	48
165	101
166	64
167	64
168	51
169	41
170	39
171	36
172	33
173	32
174	31
175	31
176	31
177	27
178	25
179	24
180	20
181	20
182	17
183	17
184	14
185	14
186	14
187	14
188	14
189	101
190	88
191	65
192	55
193	51
194	51
195	43
196	41
197	35
198	28
199	101
200	101
201	97
202	85
203	84
204	78
205	58
206	56
207	55
208	53
209	101
210	85
211	85
212	76
213	68
214	60
215	57
216	101
217	100
218	83
219	69
220	62
221	62
222	101
223	100
224	99
225	79
226	78
227	67
228	58
229	51
230	51
231	50
232	49
233	49
234	46
235	44
236	44
237	101
238	73
239	72
240	57
241	52
242	49
243	101
244	80
245	77
246	75
247	64
248	64
249	63
