Number of sim 	 Missing Snps
0	90
1	77
2	67
3	67
4	61
5	55
6	47
7	38
8	37
9	101
10	100
11	98
12	90
13	75
14	74
15	68
16	61
17	51
18	49
19	41
20	41
21	40
22	33
23	30
24	27
25	27
26	27
27	101
28	87
29	63
30	46
31	42
32	37
33	36
34	36
35	36
36	33
37	33
38	33
39	32
40	31
41	31
42	29
43	27
44	24
45	21
46	18
47	17
48	15
49	15
50	15
51	15
52	101
53	67
54	65
55	57
56	48
57	41
58	37
59	37
60	35
61	30
62	26
63	26
64	26
65	26
66	101
67	94
68	84
69	82
70	76
71	66
72	60
73	44
74	40
75	40
76	33
77	33
78	101
79	96
80	71
81	101
82	86
83	66
84	101
85	92
86	77
87	73
88	70
89	70
90	69
91	57
92	55
93	52
94	49
95	44
96	43
97	43
98	39
99	39
100	38
101	35
102	35
103	35
104	32
105	31
106	29
107	101
108	91
109	83
110	101
111	100
112	91
113	80
114	71
115	61
116	54
117	52
118	48
119	45
120	43
121	101
122	95
123	82
124	73
