Number of sim 	 Missing Snps
0	101
1	100
2	101
3	101
4	101
5	101
6	101
7	100
8	101
9	101
10	101
11	101
12	101
13	101
14	101
15	101
16	101
17	101
18	101
19	100
20	98
21	101
22	101
23	100
24	100
25	94
26	101
27	101
28	101
29	100
30	101
31	100
32	100
33	101
34	101
35	101
36	101
37	100
38	100
39	101
40	101
41	100
42	100
43	101
44	100
45	100
46	101
47	101
48	101
49	100
50	101
51	101
52	101
53	101
54	100
55	101
56	101
57	100
58	101
59	101
60	100
61	100
62	101
63	100
64	101
65	101
66	101
67	101
68	101
69	101
70	101
71	101
72	100
73	98
74	97
75	95
76	101
77	101
78	100
79	101
80	100
81	100
82	98
83	101
84	101
85	100
86	101
87	101
88	101
89	101
90	101
91	100
92	101
93	101
94	101
95	101
96	101
97	101
98	101
99	100
100	100
101	101
102	101
103	101
104	101
105	101
106	99
107	101
108	101
109	101
110	101
111	99
112	101
113	100
114	101
115	101
116	101
117	101
118	101
119	101
120	101
121	100
122	100
123	101
124	101
